######RELEVE SONAR

[19, 18, 17, 17, 17, 21, 22, 33, 32, 31, 31, 31, 32, 34, 37, 39, 255, 255, 255, 255, 255, 255, 255, 255, 255, 26, 23, 22, 22, 22, 22, 25, 28, 34, 26, 25]

[33, 22, 20, 19, 18, 19, 20, 22, 35, 33, 32, 31, 31, 31, 33, 35, 38, 255, 255, 255, 255, 255, 255, 255, 255, 255, 255, 25, 23, 23, 22, 22, 22, 25, 28, 33]

#------------------------------------------------------------------------
[26, 26, 28, 30, 21, 21, 20, 20, 21, 22, 34, 33, 32, 31, 31, 31, 33, 36, 40, 41, 255, 255, 255, 255, 255, 255, 255, 40, 255, 255, 28, 24, 22, 23, 24, 31]
[30, 29, 27, 27, 28, 29, 31, 21, 21, 21, 22, 22, 24, 35, 33, 32, 31, 32, 33, 35, 37, 40, 255, 255, 255, 64, 63, 255, 255, 255, 37, 38, 28, 33, 22, 22]

#------------------------------------------------------------------------

[26, 40, 41, 41, 21, 16, 16, 16, 18, 21, 23, 32, 31, 31, 31, 31, 34, 36, 39, 255, 255, 255, 255, 255, 255, 255, 255, 41, 38, 27, 24, 23, 23, 22, 39, 43, 44]
[25, 40, 40, 42, 22, 18, 16, 16, 16, 21, 22, 33, 32, 31, 31, 31, 32, 34, 36, 42, 255, 255, 255, 255, 255, 255, 255, 255, 41, 40, 36, 25, 22, 22, 23, 30, 41]


#------------------------------------------------------------------------

[20, 18, 18, 17, 18, 22, 22, 34, 32, 31, 31, 32, 33, 35, 38, 41, 255, 255, 255, 255, 98, 255, 255, 66, 68, 64, 255, 29, 24, 28, 27, 27, 35, 33, 40, 63, 44]
[21, 20, 20, 19, 19, 21, 22, 35, 33, 32, 31, 32, 32, 34, 36, 39, 255, 255, 255, 255, 255, 255, 255, 255, 255, 255, 62, 60, 28, 24, 31, 33, 27, 34, 37, 42, 45]

#------------------------------------------------------------------------